# This file may be used to create an environment using:
# $ conda create --name <env> --file <this file>
# platform: win-64
asgiref=3.8.1=py312haa95532_0
bzip2=1.0.8=h2bbff1b_6
ca-certificates=2024.7.2=haa95532_0
django=4.1=py312haa95532_0
expat=2.6.3=h5da7b33_0
krb5=1.21.3=hdf4eb48_0
libexpat=2.6.3=he0c23c2_0
libffi=3.4.4=hd77b12b_1
libpq=16.4=hab9416b_1
libsqlite=3.46.1=h2466b09_0
libzlib=1.3.1=h2466b09_1
openssl=3.3.2=h2466b09_0
pip=24.2=py312haa95532_0
psycopg=3.2.2=py312hea67eec_0
psycopg-c=3.2.2=py312h6ec3b24_0
python=3.12.5=h889d299_0_cpython
python-dotenv=1.0.1=pyhd8ed1ab_0
python-tzdata=2023.3=pyhd3eb1b0_0
python_abi=3.12=5_cp312
setuptools=75.1.0=py312haa95532_0
sqlite=3.45.3=h2bbff1b_0
sqlparse=0.4.4=py312haa95532_0
tk=8.6.13=h5226925_1
typing-extensions=4.12.2=pypi_0
typing_extensions=4.11.0=py312haa95532_0
tzdata=2024a=h04d1e81_0
ucrt=10.0.20348.0=haa95532_0
vc=14.40=h2eaa2aa_1
vc14_runtime=14.40.33810=ha82c5b3_21
vs2015_runtime=14.40.33810=h3bf8584_21
wheel=0.44.0=py312haa95532_0
xz=5.4.6=h8cc25b3_1
zlib=1.3.1=h2466b09_1
